0,48,86,34,66,0
48,0,82,53,67,9
86,82,0,79,0,38
34,53,79,0,14,47
66,67,0,14,0,83
0,9,38,47,83,0
